mDM_(MeV)	D1	D2	D3	D4	D5	D6	D7	D8	D9	D10	const
1.00000e+04	2.50390e+39	1.00831e+32	2.22595e+39	9.50188e+31	2.93468e+50	7.77135e+50	2.61261e+50	8.73758e+50	3.50833e+51	3.12184e+51	1.72325e+24
1.25893e+04	1.98920e+39	5.05497e+31	1.76841e+39	4.76362e+31	2.33123e+50	6.17376e+50	2.07538e+50	6.94130e+50	2.78700e+51	2.47998e+51	1.08730e+24
1.58489e+04	1.58026e+39	2.53406e+31	1.40488e+39	2.38802e+31	1.85184e+50	4.90447e+50	1.64861e+50	5.51417e+50	2.21394e+51	1.97006e+51	6.86037e+23
1.99526e+04	1.25536e+39	1.27027e+31	1.11604e+39	1.19707e+31	1.47102e+50	3.89606e+50	1.30958e+50	4.38037e+50	1.75868e+51	1.56496e+51	4.32860e+23
2.51189e+04	9.97240e+38	6.36733e+30	8.86574e+38	6.00042e+30	1.16850e+50	3.09494e+50	1.04026e+50	3.47965e+50	1.39703e+51	1.24315e+51	2.73116e+23
3.16228e+04	7.92182e+38	3.19158e+30	7.04275e+38	3.00768e+30	9.28193e+49	2.45852e+50	8.26329e+49	2.76411e+50	1.10974e+51	9.87501e+50	1.72325e+23
3.98107e+04	6.29281e+38	1.59973e+30	5.59453e+38	1.50755e+30	7.37302e+49	1.95295e+50	6.56387e+49	2.19569e+50	8.81519e+50	7.84422e+50	1.08730e+23
5.01187e+04	4.99874e+38	8.01819e+29	4.44407e+38	7.55621e+29	5.85668e+49	1.55133e+50	5.21394e+49	1.74415e+50	7.00230e+50	6.23102e+50	6.86037e+22
6.30957e+04	3.97075e+38	4.01884e+29	3.53016e+38	3.78730e+29	4.65217e+49	1.23229e+50	4.14163e+49	1.38546e+50	5.56222e+50	4.94956e+50	4.32860e+22
7.94328e+04	3.15415e+38	2.01428e+29	2.80417e+38	1.89823e+29	3.69538e+49	9.78864e+49	3.28984e+49	1.10053e+50	4.41829e+50	3.93163e+50	2.73116e+22
1.00000e+05	2.50548e+38	1.00957e+29	2.22748e+38	9.51406e+28	2.93537e+49	7.77552e+49	2.61323e+49	8.74193e+49	3.50961e+50	3.12304e+50	1.72325e+22
1.25893e+05	1.99020e+38	5.05998e+28	1.76938e+38	4.76846e+28	2.33166e+49	6.17639e+49	2.07577e+49	6.94404e+49	2.78780e+50	2.48074e+50	1.08730e+22
1.58489e+05	1.58089e+38	2.53605e+28	1.40548e+38	2.38995e+28	1.85211e+49	4.90613e+49	1.64885e+49	5.51590e+49	2.21445e+50	1.97054e+50	6.86037e+21
1.99526e+05	1.25576e+38	1.27106e+28	1.11643e+38	1.19783e+28	1.47119e+49	3.89710e+49	1.30973e+49	4.38146e+49	1.75901e+50	1.56526e+50	4.32860e+21
2.51189e+05	9.97491e+37	6.37049e+27	8.86816e+37	6.00348e+27	1.16861e+49	3.09560e+49	1.04036e+49	3.48034e+49	1.39723e+50	1.24334e+50	2.73116e+21
3.16228e+05	7.92340e+37	3.19284e+27	7.04427e+37	3.00890e+27	9.28260e+48	2.45893e+49	8.26389e+48	2.76454e+49	1.10987e+50	9.87621e+49	1.72325e+21
3.98107e+05	6.29381e+37	1.60023e+27	5.59549e+37	1.50804e+27	7.37344e+48	1.95321e+49	6.56429e+48	2.19596e+49	8.81601e+49	7.84500e+49	1.08730e+21
5.01187e+05	4.99937e+37	8.02019e+26	4.44468e+37	7.55815e+26	5.85695e+48	1.55150e+49	5.21422e+48	1.74432e+49	7.00283e+49	6.23152e+49	6.86037e+20
6.30957e+05	3.97115e+37	4.01964e+26	3.53054e+37	3.78807e+26	4.65236e+48	1.23240e+49	4.14181e+48	1.38557e+49	5.56253e+49	4.94989e+49	4.32860e+20
7.94328e+05	3.15440e+37	2.01460e+26	2.80442e+37	1.89854e+26	3.69549e+48	9.78932e+48	3.28995e+48	1.10060e+49	4.41848e+49	3.93184e+49	2.73116e+20
1.00000e+06	2.50564e+37	1.00970e+26	2.22763e+37	9.51528e+25	2.93543e+48	7.77594e+48	2.61330e+48	8.74240e+48	3.50972e+49	3.12313e+49	1.72325e+20
1.25893e+06	1.99030e+37	5.06048e+25	1.76947e+37	4.76895e+25	2.33174e+48	6.17658e+48	2.07577e+48	6.94435e+48	2.78788e+49	2.48076e+49	1.08730e+20
1.58489e+06	1.58095e+37	2.53625e+25	1.40554e+37	2.39014e+25	1.85219e+48	4.90626e+48	1.64887e+48	5.51613e+48	2.21459e+49	1.97056e+49	6.86037e+19
1.99526e+06	1.25580e+37	1.27114e+25	1.11646e+37	1.19791e+25	1.47124e+48	3.89717e+48	1.30970e+48	4.38157e+48	1.75908e+49	1.56526e+49	4.32860e+19
2.51189e+06	9.97514e+36	6.37080e+24	8.86840e+36	6.00378e+24	1.16848e+48	3.09571e+48	1.04048e+48	3.48044e+48	1.39731e+49	1.24339e+49	2.73116e+19
3.16228e+06	7.92350e+36	3.19297e+24	7.04442e+36	3.00902e+24	9.28203e+47	2.45868e+48	8.26111e+47	2.76422e+48	1.10962e+49	9.87402e+48	1.72325e+19
3.98107e+06	6.29380e+36	1.60028e+24	5.59558e+36	1.50809e+24	7.37421e+47	1.95313e+48	6.56352e+47	2.19582e+48	8.81510e+48	7.84559e+48	1.08730e+19
5.01187e+06	4.99923e+36	8.02038e+23	4.44470e+36	7.55834e+23	5.85913e+47	1.55161e+48	5.21356e+47	1.74417e+48	7.00399e+48	6.22972e+48	6.86036e+18
6.30957e+06	3.97081e+36	4.01971e+23	3.53050e+36	3.78814e+23	4.64755e+47	1.23259e+48	4.14502e+47	1.38537e+48	5.56293e+48	4.95144e+48	4.32860e+18
7.94328e+06	3.15376e+36	2.01461e+23	2.80427e+36	1.89856e+23	3.69125e+47	9.79054e+47	3.29149e+47	1.10024e+48	4.41779e+48	3.93298e+48	2.73116e+18
1.00000e+07	2.50450e+36	1.00968e+23	2.22729e+36	9.51524e+22	2.93297e+47	7.76847e+47	2.60793e+47	8.74090e+47	3.50327e+48	3.11760e+48	1.72324e+18
1.25893e+07	1.98834e+36	5.06012e+22	1.76876e+36	4.76873e+22	2.32005e+47	6.17627e+47	2.07746e+47	6.93877e+47	2.78691e+48	2.48694e+48	1.08729e+18
1.58489e+07	1.57768e+36	2.53568e+22	1.40415e+36	2.38973e+22	1.83999e+47	4.90256e+47	1.64767e+47	5.50529e+47	2.21093e+48	1.97510e+48	6.86035e+17
1.99526e+07	1.25047e+36	1.27032e+22	1.11388e+36	1.19728e+22	1.45537e+47	3.88754e+47	1.30396e+47	4.36219e+47	1.74307e+48	1.56021e+48	4.32859e+17
2.51189e+07	9.89103e+35	6.35964e+21	8.82304e+35	5.99474e+21	1.14402e+47	3.07303e+47	1.02953e+47	3.43444e+47	1.37771e+48	1.24175e+48	2.73115e+17
3.16228e+07	7.79529e+35	3.17862e+21	6.96882e+35	2.99688e+21	8.92942e+46	2.41970e+47	8.04385e+46	2.70165e+47	1.08021e+48	9.65578e+47	1.72324e+17
3.98107e+07	6.10622e+35	1.58306e+21	5.47633e+35	1.49306e+21	6.96489e+46	1.89865e+47	6.25316e+46	2.11397e+47	8.42815e+47	7.67340e+47	1.08729e+17
5.01187e+07	4.73833e+35	7.83174e+20	4.26804e+35	7.38996e+20	5.57969e+46	1.44349e+47	4.47572e+46	1.65775e+47	6.45191e+47	5.41353e+47	6.86032e+16
6.30957e+07	3.62898e+35	3.83312e+20	3.28651e+35	3.61904e+20	4.23567e+46	1.10913e+47	3.45379e+46	1.27358e+47	4.96236e+47	4.49188e+47	4.32857e+16
7.94328e+07	2.73395e+35	1.84824e+20	2.49131e+35	1.74619e+20	2.97615e+46	8.77412e+46	3.00940e+46	9.43418e+46	4.08502e+47	3.71674e+47	2.73113e+16
1.00000e+08	2.02125e+35	8.74993e+19	1.85398e+35	8.27257e+19	2.23999e+46	6.57471e+46	2.11666e+46	7.32277e+46	2.60750e+47	2.68302e+47	1.72321e+16
1.25893e+08	1.46496e+35	4.05924e+19	1.35252e+35	3.84039e+19	1.63437e+46	4.79929e+46	1.54501e+46	5.32628e+46	1.90396e+47	1.96734e+47	1.08727e+16
1.58489e+08	1.04114e+35	1.84455e+19	9.67168e+34	1.74620e+19	1.17386e+46	3.43632e+46	1.11945e+46	3.35924e+46	1.33926e+47	1.37589e+47	6.86022e+15
1.99526e+08	7.26410e+34	8.21671e+18	6.78583e+34	7.78288e+18	6.54255e+45	2.25944e+46	6.19461e+45	2.14859e+46	7.73416e+46	8.04123e+46	4.32845e+15
2.51189e+08	4.98446e+34	3.59401e+18	4.67923e+34	3.40588e+18	4.84579e+45	1.61616e+46	4.58881e+45	1.52350e+46	5.65761e+46	5.88970e+46	2.73107e+15
3.16228e+08	3.37059e+34	1.54681e+18	3.17758e+34	1.46644e+18	2.41458e+45	9.67120e+45	2.27971e+45	8.83228e+45	3.10611e+46	3.19108e+46	1.72313e+15
3.98107e+08	2.25086e+34	6.56488e+17	2.12955e+34	6.22588e+17	1.30079e+45	5.87712e+45	1.01210e+45	4.22590e+45	2.32282e+46	2.22986e+46	1.08723e+15
5.01187e+08	1.48731e+34	2.75347e+17	1.41134e+34	2.61200e+17	5.10392e+45	9.35012e+45	4.89929e+45	7.95540e+45	5.31679e+46	5.34056e+46	6.85974e+14
6.30957e+08	9.74181e+33	1.14352e+17	9.26686e+33	1.08501e+17	-2.62803e+45	-1.69176e+45	-2.61752e+45	-2.67694e+45	-1.65306e+46	-1.60594e+46	4.32814e+14
7.94328e+08	6.33481e+33	4.71047e+16	6.03803e+33	4.47029e+16	5.67275e+44	1.38243e+45	5.87864e+44	7.17167e+44	9.49590e+45	1.02032e+46	2.73084e+14
1.00000e+09	4.09506e+33	1.92747e+16	3.90955e+33	1.82946e+16	1.66300e+45	2.42025e+45	1.61772e+45	1.98586e+45	1.77212e+46	1.78163e+46	1.72292e+14
