mDM_(MeV)	D1	D2	D3	D4	D5	D6	D7	D8	D9	D10	const
1.00000e+04	5.72042e+38	6.35017e+30	4.10271e+38	5.27887e+30	6.64125e+49	1.42749e+50	4.76669e+49	1.98986e+50	7.96447e+50	5.71500e+50	1.26381e+26
1.25893e+04	4.54423e+38	3.18312e+30	3.25920e+38	2.64615e+30	5.27551e+49	1.13398e+50	3.78645e+49	1.58070e+50	6.32670e+50	4.53983e+50	7.97412e+25
1.58489e+04	3.60983e+38	1.59554e+30	2.58907e+38	1.32639e+30	4.19059e+49	9.00804e+49	3.00776e+49	1.25565e+50	5.02566e+50	3.60627e+50	5.03133e+25
1.99526e+04	2.86752e+38	7.99741e+29	2.05669e+38	6.64842e+29	3.32878e+49	7.15567e+49	2.38920e+49	9.97440e+49	3.99214e+50	2.86466e+50	3.17455e+25
2.51189e+04	2.27784e+38	4.00851e+29	1.63376e+38	3.33238e+29	2.64418e+49	5.68416e+49	1.89784e+49	7.92319e+49	3.17115e+50	2.27554e+50	2.00301e+25
3.16228e+04	1.80941e+38	2.00914e+29	1.29779e+38	1.67026e+29	2.10038e+49	4.51522e+49	1.50753e+49	6.29376e+49	2.51898e+50	1.80756e+50	1.26381e+25
3.98107e+04	1.43730e+38	1.00700e+29	1.03090e+38	8.37157e+28	1.66841e+49	3.58665e+49	1.19749e+49	4.99941e+49	2.00093e+50	1.43582e+50	7.97412e+24
5.01187e+04	1.14171e+38	5.04718e+28	8.18894e+37	4.19590e+28	1.32527e+49	2.84903e+49	9.51206e+48	3.97123e+49	1.58941e+50	1.14053e+50	5.03133e+24
6.30957e+04	9.06904e+37	2.52966e+28	6.50483e+37	2.10300e+28	1.05271e+49	2.26310e+49	7.55575e+48	3.15450e+49	1.26253e+50	9.05965e+49	3.17456e+24
7.94328e+04	7.20388e+37	1.26786e+28	5.16705e+37	1.05403e+28	8.36201e+48	1.79766e+49	6.00177e+48	2.50573e+49	1.00287e+50	7.19639e+49	2.00301e+24
1.00000e+05	5.72230e+37	6.35450e+27	4.10438e+37	5.28276e+27	6.64221e+48	1.42795e+49	4.76740e+48	1.99039e+49	7.96610e+49	5.71633e+49	1.26381e+24
1.25893e+05	4.54542e+37	3.18484e+27	3.26025e+37	2.64770e+27	5.27611e+48	1.13427e+49	3.78689e+48	1.58103e+49	6.32773e+49	4.54067e+49	7.97412e+23
1.58489e+05	3.61058e+37	1.59622e+27	2.58973e+37	1.32701e+27	4.19097e+48	9.00987e+48	3.00804e+48	1.25587e+49	5.02631e+49	3.60680e+49	5.03133e+23
1.99526e+05	2.86800e+37	8.00014e+26	2.05711e+37	6.65087e+26	3.32902e+48	7.15682e+48	2.38937e+48	9.97573e+48	3.99255e+49	2.86499e+49	3.17456e+23
2.51189e+05	2.27814e+37	4.00960e+26	1.63403e+37	3.33336e+26	2.64434e+48	5.68488e+48	1.89795e+48	7.92402e+48	3.17140e+49	2.27575e+49	2.00301e+23
3.16228e+05	1.80960e+37	2.00957e+26	1.29796e+37	1.67065e+26	2.10046e+48	4.51567e+48	1.50759e+48	6.29429e+48	2.51914e+49	1.80770e+49	1.26381e+23
3.98107e+05	1.43742e+37	1.00718e+26	1.03101e+37	8.37312e+25	1.66846e+48	3.58695e+48	1.19755e+48	4.99975e+48	2.00103e+49	1.43592e+49	7.97412e+22
5.01187e+05	1.14178e+37	5.04786e+25	8.18961e+36	4.19652e+25	1.32531e+48	2.84923e+48	9.51249e+47	3.97145e+48	1.58948e+49	1.14060e+49	5.03133e+22
6.30957e+05	9.06951e+36	2.52993e+25	6.50525e+36	2.10325e+25	1.05274e+48	2.26323e+48	7.55609e+47	3.15464e+48	1.26256e+49	9.06014e+48	3.17456e+22
7.94328e+05	7.20417e+36	1.26797e+25	5.16731e+36	1.05412e+25	8.36211e+47	1.79775e+48	6.00194e+47	2.50584e+48	1.00288e+49	7.19667e+48	2.00301e+22
1.00000e+06	5.72246e+36	6.35493e+24	4.10455e+36	5.28315e+24	6.64218e+47	1.42800e+48	4.76747e+47	1.99045e+48	7.96612e+48	5.71629e+48	1.26381e+22
1.25893e+06	4.54547e+36	3.18501e+24	3.26036e+36	2.64785e+24	5.27628e+47	1.13425e+48	3.78662e+47	1.58106e+48	6.32769e+48	4.54041e+48	7.97412e+21
1.58489e+06	3.61050e+36	1.59629e+24	2.58979e+36	1.32707e+24	4.19109e+47	9.00980e+47	3.00798e+47	1.25586e+48	5.02663e+48	3.60667e+48	5.03133e+21
1.99526e+06	2.86773e+36	8.00038e+23	2.05712e+36	6.65111e+23	3.32868e+47	7.15652e+47	2.38893e+47	9.97460e+47	3.99218e+48	2.86473e+48	3.17456e+21
2.51189e+06	2.27755e+36	4.00965e+23	1.63398e+36	3.33344e+23	2.64252e+47	5.68481e+47	1.89826e+47	7.92187e+47	3.17049e+48	2.27572e+48	2.00301e+21
3.16228e+06	1.80849e+36	2.00953e+23	1.29780e+36	1.67066e+23	2.09827e+47	4.51305e+47	1.50520e+47	6.28784e+47	2.51540e+48	1.80582e+48	1.26381e+21
3.98107e+06	1.43548e+36	1.00707e+23	1.03065e+36	8.37278e+22	1.66571e+47	3.58446e+47	1.19566e+47	4.99143e+47	1.99676e+48	1.43518e+48	7.97412e+20
5.01187e+06	1.13861e+36	5.04631e+22	8.18234e+35	4.19584e+22	1.32141e+47	2.84611e+47	9.48467e+46	3.95868e+47	1.58427e+48	1.13754e+48	5.03133e+20
6.30957e+06	9.02050e+35	2.52795e+22	6.49197e+35	2.10226e+22	1.04190e+47	2.25790e+47	7.53222e+46	3.13532e+47	1.25420e+48	9.03574e+47	3.17456e+20
7.94328e+06	7.13216e+35	1.26565e+22	5.14480e+35	1.05285e+22	8.22052e+46	1.78810e+47	5.94737e+46	2.47754e+47	9.90209e+47	7.15072e+47	2.00301e+20
1.00000e+07	5.62143e+35	6.32935e+21	4.06875e+35	5.26796e+21	6.46446e+46	1.40767e+47	4.64398e+46	1.95321e+47	7.76097e+47	5.60356e+47	1.26381e+20
1.25893e+07	4.40936e+35	3.15797e+21	3.20645e+35	2.63059e+21	4.99963e+46	1.11102e+47	3.66827e+46	1.53012e+47	6.10231e+47	4.45944e+47	7.97412e+19
1.58489e+07	3.43380e+35	1.56885e+21	2.51244e+35	1.30841e+21	3.86122e+46	8.67669e+46	2.83707e+46	1.18944e+47	4.73047e+47	3.47932e+47	5.03133e+19
1.99526e+07	2.64687e+35	7.73610e+20	1.95143e+35	6.46189e+20	2.93738e+46	6.69912e+46	2.16307e+46	9.14489e+46	3.58531e+47	2.65142e+47	3.17456e+19
2.51189e+07	2.01284e+35	3.77151e+20	1.49706e+35	3.15611e+20	2.18736e+46	5.09204e+46	1.62576e+46	6.85985e+46	2.70719e+47	2.04774e+47	2.00301e+19
3.16228e+07	1.50566e+35	1.81067e+20	1.13050e+35	1.51825e+20	1.59251e+46	3.79766e+46	1.18575e+46	5.10034e+46	1.99542e+47	1.47534e+47	1.26381e+19
3.98107e+07	1.10565e+35	8.53380e+19	8.38175e+34	7.17001e+19	1.16587e+46	2.81397e+46	8.63438e+45	3.73978e+46	1.45550e+47	1.13033e+47	7.97412e+18
5.01187e+07	7.96403e+34	3.94175e+19	6.09349e+34	3.31814e+19	9.24293e+45	1.91111e+46	4.93607e+45	2.77179e+46	1.01762e+47	6.15268e+46	5.03133e+18
6.30957e+07	5.62903e+34	1.78391e+19	4.34374e+34	1.50428e+19	6.53909e+45	1.36885e+46	3.69438e+45	1.98036e+46	7.40217e+46	5.61641e+46	3.17456e+18
7.94328e+07	3.90885e+34	7.91769e+18	3.03928e+34	6.68668e+18	3.97444e+45	1.10390e+46	4.03457e+45	1.32800e+46	6.40451e+46	5.17020e+46	2.00301e+18
1.00000e+08	2.67142e+34	3.45223e+18	2.09082e+34	2.91926e+18	2.97779e+45	7.85558e+45	2.53885e+45	1.01565e+46	3.06030e+46	3.33089e+46	1.26381e+18
1.25893e+08	1.80041e+34	1.48177e+18	1.41700e+34	1.25436e+18	2.14903e+45	5.53998e+45	1.87493e+45	7.01683e+45	2.18399e+46	2.35924e+46	7.97412e+17
1.58489e+08	1.19898e+34	6.27453e+17	9.48069e+33	5.31634e+17	1.53779e+45	3.79701e+45	1.37048e+45	3.49868e+45	1.51833e+46	1.64520e+46	5.03133e+17
1.99526e+08	7.90464e+33	2.62671e+17	6.27462e+33	2.22722e+17	5.23636e+44	1.94720e+45	3.79070e+44	1.49072e+45	6.77155e+45	7.20368e+45	3.17456e+17
2.51189e+08	5.16795e+33	1.08918e+17	4.11528e+33	9.24080e+16	4.95120e+44	1.51598e+45	3.97274e+44	1.12925e+45	5.66324e+45	6.03230e+45	2.00301e+17
3.16228e+08	3.35555e+33	4.48096e+16	2.67895e+33	3.80356e+16	1.19551e+44	6.01799e+44	8.00947e+43	2.97938e+44	2.79971e+45	3.12762e+45	1.26381e+17
3.98107e+08	2.16654e+33	1.83167e+16	1.73330e+33	1.55538e+16	-4.29707e+43	1.60077e+44	-4.06670e+43	-4.97687e+43	7.57119e+44	1.18084e+45	7.97412e+16
5.01187e+08	1.39248e+33	7.44823e+15	1.11590e+33	6.32669e+15	1.05959e+45	1.34714e+45	9.82976e+44	1.20433e+45	1.00173e+46	9.91033e+45	5.03133e+16
6.30957e+08	8.91675e+32	3.01593e+15	7.15537e+32	2.56244e+15	-7.79543e+44	-8.34140e+44	-7.44620e+44	-9.14527e+44	-6.38237e+45	-6.12892e+45	3.17456e+16
7.94328e+08	5.69292e+32	1.21706e+15	4.57332e+32	1.03426e+15	3.99756e+43	1.05223e+44	4.04460e+43	4.97630e+43	6.45062e+44	7.72789e+44	2.00301e+16
1.00000e+09	3.62600e+32	4.89791e+14	2.91542e+32	4.16292e+14	4.00357e+44	4.42651e+44	3.28459e+44	4.04854e+44	3.71066e+45	3.24768e+45	1.26381e+16
