mDM_(MeV)	D1	D2	D3	D4	D5	D6	D7	D8	D9	D10
1.00000e-02	2.93588e+32	1.75571e+29	6.60802e+25	6.09967e+22	2.37718e+44	2.05614e+44	2.06770e+44	3.02953e+44	2.05149e+45	1.67566e+45
1.58489e-02	7.64619e+32	4.58571e+29	4.43583e+26	4.11874e+23	6.29107e+44	5.36827e+44	5.29776e+44	7.88587e+44	5.32354e+45	4.29703e+45
2.51189e-02	1.97476e+33	1.20306e+30	2.89519e+27	2.54471e+24	1.60236e+45	1.36995e+45	1.38820e+45	2.12042e+45	1.37032e+46	1.09643e+46
3.98107e-02	5.11430e+33	3.09429e+30	1.84418e+28	1.67738e+25	4.26726e+45	3.66322e+45	3.66221e+45	5.48119e+45	3.65810e+46	2.92225e+46
6.30957e-02	1.35759e+34	8.37929e+30	1.27937e+29	1.13676e+26	1.13560e+46	9.60784e+45	9.68172e+45	1.44914e+46	9.69881e+46	7.79688e+46
1.00000e-01	3.62696e+34	2.21115e+31	8.61686e+29	7.62237e+26	2.99466e+46	2.58449e+46	2.58306e+46	3.81964e+46	2.54404e+47	2.05653e+47
1.58489e-01	9.53156e+34	5.79175e+31	5.61446e+30	5.09256e+27	8.06894e+46	6.94409e+46	6.96157e+46	1.01848e+47	6.82737e+47	5.55907e+47
2.51189e-01	2.47415e+35	1.52676e+32	3.64334e+31	3.33688e+28	2.08695e+47	1.80151e+47	1.79962e+47	2.67877e+47	1.79328e+48	1.44791e+48
3.98107e-01	6.30104e+35	3.86729e+32	2.35689e+32	2.16944e+29	5.39877e+47	4.66451e+47	4.65455e+47	6.79833e+47	4.60524e+48	3.70331e+48
6.30957e-01	1.60267e+36	9.93957e+32	1.51446e+33	1.35421e+30	1.32668e+48	1.16170e+48	1.16647e+48	1.73484e+48	1.12746e+49	9.42702e+48
1.00000e+00	3.95789e+36	2.40760e+33	9.31203e+33	8.42683e+30	3.28357e+48	2.84711e+48	2.85836e+48	4.23506e+48	2.81696e+49	2.28678e+49
1.58489e+00	9.54171e+36	5.89219e+33	5.58811e+34	5.18105e+31	8.02442e+48	6.90145e+48	6.87074e+48	1.01496e+49	6.81747e+49	5.60276e+49
2.51189e+00	2.28473e+37	1.40992e+34	3.35157e+35	2.96698e+32	1.88664e+49	1.63732e+49	1.62542e+49	2.42097e+49	1.62032e+50	1.30779e+50
3.98107e+00	5.60926e+37	3.39525e+34	1.95005e+36	1.79852e+33	4.45709e+49	3.83243e+49	3.78725e+49	5.69410e+49	3.83119e+50	3.09553e+50
6.30957e+00	1.41172e+38	8.65024e+34	1.17966e+37	1.10337e+34	1.03997e+50	9.12233e+49	8.95518e+49	1.34918e+50	8.91594e+50	7.19398e+50
1.00000e+01	3.68777e+38	2.35475e+35	6.89196e+37	6.31374e+34	2.42675e+50	2.20910e+50	2.05775e+50	3.27379e+50	2.10175e+51	1.67020e+51
1.58489e+01	1.08341e+39	7.45897e+35	3.80874e+38	3.41255e+35	5.26993e+50	5.44992e+50	4.55000e+50	7.83519e+50	4.72226e+51	3.78490e+51
2.51189e+01	3.24521e+39	2.43227e+36	1.85704e+39	1.63203e+36	1.03218e+51	1.28990e+51	8.74194e+50	1.82527e+51	1.00449e+52	7.87417e+51
3.98107e+01	8.15282e+39	5.67170e+36	5.94359e+39	4.66607e+36	1.51527e+51	2.67615e+51	1.26615e+51	3.42105e+51	1.60077e+52	1.29660e+52
6.30957e+01	1.10652e+40	4.13946e+36	8.71205e+39	3.54392e+36	1.49437e+51	3.24276e+51	1.24008e+51	4.01441e+51	1.71677e+52	1.39125e+52
1.00000e+02	9.98458e+39	1.63914e+36	8.05257e+39	1.42414e+36	1.18778e+51	2.81048e+51	9.66110e+50	3.48119e+51	1.40031e+52	1.14735e+52
1.58489e+02	7.47089e+39	5.12922e+35	6.04201e+39	4.93341e+35	8.57389e+50	2.19580e+51	6.93963e+50	2.70780e+51	1.02721e+52	8.27029e+51
2.51189e+02	5.40944e+39	1.47546e+35	4.40731e+39	1.31339e+35	5.77562e+50	1.47808e+51	4.66554e+50	1.82051e+51	7.16437e+51	5.74930e+51
3.98107e+02	3.58260e+39	4.03204e+34	2.96892e+39	3.55820e+34	3.83350e+50	1.00806e+51	3.07181e+50	1.21815e+51	4.73400e+51	3.80674e+51
6.30957e+02	2.38869e+39	1.06642e+34	1.96096e+39	9.38310e+33	2.47001e+50	6.53375e+50	2.01650e+50	8.01870e+50	3.11050e+51	2.51793e+51
1.00000e+03	1.56740e+39	2.75527e+33	1.28731e+39	2.44233e+33	1.62336e+50	4.26209e+50	1.29558e+50	5.20603e+50	2.03100e+51	1.62956e+51
1.58489e+03	1.07848e+39	7.30318e+32	8.44579e+38	6.23920e+32	1.13877e+50	2.82716e+50	8.68056e+49	3.68131e+50	1.40281e+51	1.08480e+51
2.51189e+03	8.32655e+38	1.92711e+32	6.14854e+38	1.71804e+32	9.08380e+49	2.13169e+50	6.64931e+49	2.82966e+50	1.12334e+51	8.13278e+50
3.98107e+03	8.16837e+38	6.34901e+31	5.85772e+38	5.30906e+31	9.21965e+49	2.01432e+50	6.51630e+49	2.78517e+50	1.10775e+51	7.84233e+50
6.30957e+03	7.14141e+38	2.22289e+31	5.23920e+38	1.83928e+31	8.10909e+49	1.82141e+50	5.98916e+49	2.46014e+50	9.93251e+50	7.34168e+50
1.00000e+04	4.93715e+38	5.95786e+30	3.50100e+38	5.04831e+30	5.55728e+49	1.24207e+50	4.11149e+49	1.69580e+50	6.85469e+50	4.97647e+50
1.58489e+04	3.14753e+38	1.52759e+30	2.30540e+38	1.29749e+30	3.59244e+49	7.94931e+49	2.63973e+49	1.08734e+50	4.34704e+50	3.18013e+50
2.51189e+04	1.96926e+38	3.84530e+29	1.46183e+38	3.26003e+29	2.28449e+49	4.99006e+49	1.65768e+49	6.74933e+49	2.74380e+50	1.99202e+50
3.98107e+04	1.25598e+38	9.57838e+28	9.06735e+37	8.08195e+28	1.43991e+49	3.19059e+49	1.07168e+49	4.40814e+49	1.74070e+50	1.26970e+50
6.30957e+04	8.04987e+37	2.62126e+28	5.98368e+37	2.20762e+28	9.47920e+48	2.06713e+49	6.95247e+48	2.77204e+49	1.12346e+50	8.26526e+49
9.50935e+04	5.28333e+37	7.15358e+27	3.88132e+37	6.03280e+27	6.09486e+48	1.34654e+49	4.47025e+48	1.83392e+49	7.32475e+49	5.37523e+49
1.50713e+05	3.33358e+37	1.79695e+27	2.44899e+37	1.51542e+27	3.84559e+48	8.49620e+48	2.82055e+48	1.15713e+49	4.62160e+49	3.39157e+49
2.38864e+05	2.10332e+37	4.51383e+26	1.54522e+37	3.80664e+26	2.42634e+48	5.36077e+48	1.77964e+48	7.30086e+48	2.91593e+49	2.13994e+49
3.78574e+05	1.32699e+37	1.13383e+26	9.74963e+36	9.56198e+25	1.53072e+48	3.38239e+48	1.12284e+48	4.60607e+48	1.83957e+49	1.35019e+49
5.99999e+05	8.36976e+36	2.84803e+25	6.15109e+36	2.40186e+25	9.65304e+47	2.13391e+48	7.08267e+47	2.90504e+48	1.16006e+49	8.51777e+48
9.50935e+05	5.27357e+36	7.15294e+24	3.87908e+36	6.03278e+24	6.07712e+47	1.34548e+48	4.46214e+47	1.83005e+48	7.30528e+48	5.36935e+48
1.50713e+06	3.31149e+36	1.79526e+24	2.44159e+36	1.51454e+24	3.80608e+47	8.46389e+47	2.79908e+47	1.14848e+48	4.58091e+48	3.37466e+48
2.38864e+06	2.06002e+36	4.49091e+23	1.52642e+36	3.79201e+23	2.34778e+47	5.28213e+47	1.73264e+47	7.13209e+47	2.83765e+48	2.09987e+48
3.78574e+06	1.25164e+36	1.10810e+23	9.34905e+35	9.37507e+22	1.39980e+47	3.21952e+47	1.03527e+47	4.31485e+47	1.70642e+48	1.27056e+48
5.99999e+06	7.24726e+35	2.62971e+22	5.46698e+35	2.23178e+22	7.85139e+46	1.87056e+47	5.84326e+46	2.48158e+47	9.72736e+47	7.30707e+47
9.50935e+06	3.90935e+35	5.82863e+21	2.97710e+35	4.96365e+21	4.08809e+46	1.00600e+47	3.02194e+46	1.32810e+47	5.12497e+47	3.87470e+47
1.50713e+07	1.95273e+35	1.19140e+21	1.49846e+35	1.01763e+21	1.98139e+46	5.05611e+46	1.48661e+46	6.59506e+46	2.53551e+47	1.91887e+47
2.38864e+07	9.11795e+34	2.26148e+20	7.03554e+34	1.93599e+20	8.93431e+45	2.34861e+46	6.66687e+45	3.01962e+46	1.14759e+47	8.85776e+46
3.78574e+07	4.04253e+34	4.05069e+19	3.13105e+34	3.47313e+19	3.82343e+45	1.03167e+46	2.91296e+45	1.33377e+46	5.04587e+46	3.98302e+46
5.99999e+07	1.72754e+34	6.95974e+18	1.34136e+34	5.97367e+18	1.70380e+45	4.07922e+45	9.73044e+44	5.80678e+45	2.06274e+46	1.58152e+46
9.50935e+07	7.20054e+33	1.16236e+18	5.59994e+33	9.98363e+17	7.40281e+44	2.11199e+45	6.35824e+44	2.67878e+45	7.96952e+45	8.55750e+45
