mDM_(MeV)	D1	D2	D3	D4	D5	D6	D7	D8	D9	D10
1.00000e-02	2.03428e+32	6.93476e+28	2.65847e+25	1.34926e+22	8.31936e+43	5.98848e+43	6.04019e+43	1.30797e+44	7.68072e+44	4.83728e+44
1.58489e-02	5.28573e+32	1.80787e+29	1.73704e+26	8.63960e+22	2.13816e+44	1.55641e+44	1.54304e+44	3.34718e+44	1.96356e+45	1.24036e+45
2.51189e-02	1.36523e+33	4.69656e+29	1.14284e+27	5.57206e+23	5.49319e+44	3.96996e+44	3.95007e+44	8.67338e+44	5.09417e+45	3.19938e+45
3.98107e-02	3.53065e+33	1.18785e+30	7.40372e+27	3.73350e+24	1.42250e+45	1.01910e+45	1.02044e+45	2.24275e+45	1.30546e+46	8.13155e+45
6.30957e-02	9.20642e+33	3.21444e+30	4.79997e+28	2.46137e+25	3.70896e+45	2.65065e+45	2.66444e+45	5.89205e+45	3.33706e+46	2.12668e+46
1.00000e-01	2.38410e+34	8.00643e+30	3.13907e+29	1.61104e+26	9.76113e+45	7.02677e+45	7.00973e+45	1.53709e+46	8.97243e+46	5.62223e+46
1.58489e-01	6.21590e+34	2.15974e+31	2.06939e+30	1.06282e+27	2.59526e+46	1.84364e+46	1.86772e+46	4.05242e+46	2.33895e+47	1.46789e+47
2.51189e-01	1.59859e+35	5.66568e+31	1.35297e+31	6.77473e+27	6.69326e+46	4.84271e+46	4.82538e+46	1.04541e+47	6.10015e+47	3.87424e+47
3.98107e-01	4.15905e+35	1.43639e+32	8.73899e+31	4.54442e+28	1.72992e+47	1.21820e+47	1.24117e+47	2.67774e+47	1.55701e+48	9.82407e+47
6.30957e-01	1.04547e+36	3.62019e+32	5.51135e+32	2.82712e+29	4.33146e+47	3.10066e+47	3.10049e+47	6.69528e+47	3.90706e+48	2.47825e+48
1.00000e+00	2.53128e+36	9.00391e+32	3.42465e+33	1.73763e+30	1.05446e+48	7.59187e+47	7.59137e+47	1.65515e+48	9.61813e+48	6.14179e+48
1.58489e+00	6.21927e+36	2.17210e+33	2.09441e+34	1.06806e+31	2.53817e+48	1.86030e+48	1.85448e+48	4.05213e+48	2.34516e+49	1.47630e+49
2.51189e+00	1.50672e+37	5.30874e+33	1.26086e+35	6.23187e+31	6.13963e+48	4.45811e+48	4.39957e+48	9.69330e+48	5.63270e+49	3.49293e+49
3.98107e+00	3.68992e+37	1.28432e+34	7.35872e+35	3.73314e+32	1.46615e+49	1.06657e+49	1.04280e+49	2.29028e+49	1.33330e+50	8.43956e+49
6.30957e+00	9.12816e+37	3.13242e+34	4.50776e+36	2.30040e+33	3.46374e+49	2.58752e+49	2.49109e+49	5.62357e+49	3.19670e+50	2.00185e+50
1.00000e+01	2.32100e+38	8.23832e+34	2.65067e+37	1.32338e+34	8.03710e+49	6.34078e+49	5.69416e+49	1.34560e+50	7.50210e+50	4.71573e+50
1.58489e+01	6.09567e+38	2.24674e+35	1.45185e+38	7.38229e+34	1.80580e+50	1.59350e+50	1.22052e+50	3.17884e+50	1.72090e+51	1.06855e+51
2.51189e+01	1.55862e+39	5.95778e+35	6.54433e+38	3.24781e+35	3.26254e+50	3.74188e+50	2.19004e+50	6.87079e+50	3.33242e+51	2.07512e+51
3.98107e+01	2.82214e+39	8.08789e+35	1.57296e+39	5.47133e+35	4.13560e+50	6.35164e+50	2.69507e+50	1.06403e+51	4.61661e+51	2.87395e+51
6.30957e+01	3.02237e+39	4.09763e+35	1.80536e+39	2.88344e+35	3.77380e+50	6.59906e+50	2.36132e+50	1.07183e+51	4.41295e+51	2.72956e+51
1.00000e+02	2.50382e+39	1.42923e+35	1.53841e+39	1.01963e+35	2.89126e+50	5.31973e+50	1.77938e+50	8.59756e+50	3.44998e+51	2.14527e+51
1.58489e+02	1.80188e+39	4.21368e+34	1.12834e+39	3.16240e+34	2.03540e+50	3.96622e+50	1.24660e+50	6.20332e+50	2.46327e+51	1.53531e+51
2.51189e+02	1.24466e+39	1.19803e+34	7.92277e+38	8.74881e+33	1.37331e+50	2.65002e+50	8.29589e+49	4.27238e+50	1.68793e+51	1.03317e+51
3.98107e+02	8.26034e+38	3.19638e+33	5.31454e+38	2.36576e+33	8.99581e+49	1.78369e+50	5.46153e+49	2.83782e+50	1.11463e+51	6.86399e+50
6.30957e+02	5.86228e+38	8.50231e+32	3.57605e+38	6.15111e+32	6.18110e+49	1.17998e+50	3.55977e+49	1.93854e+50	7.50924e+50	4.50664e+50
1.00000e+03	4.22419e+38	2.25088e+32	2.47318e+38	1.66669e+32	4.62995e+49	8.21126e+49	2.50551e+49	1.47332e+50	5.85006e+50	3.12456e+50
1.58489e+03	4.17854e+38	6.98692e+31	2.08231e+38	4.96742e+31	4.56654e+49	7.06360e+49	2.27336e+49	1.42486e+50	5.70303e+50	2.77042e+50
2.51189e+03	4.13501e+38	2.54050e+31	2.05349e+38	1.69468e+31	4.77753e+49	7.03760e+49	2.34728e+49	1.42851e+50	5.66946e+50	2.79881e+50
3.98107e+03	3.49258e+38	8.72266e+30	1.75288e+38	5.79264e+30	4.04165e+49	6.10823e+49	2.02722e+49	1.21007e+50	4.83563e+50	2.46446e+50
6.30957e+03	2.32279e+38	2.36585e+30	1.20009e+38	1.60032e+30	2.65166e+49	4.20781e+49	1.39644e+49	8.08242e+49	3.23894e+50	1.66716e+50
1.00000e+04	1.46853e+38	6.00354e+29	7.59679e+37	4.04496e+29	1.69070e+49	2.66207e+49	8.76567e+48	5.12846e+49	2.04814e+50	1.07344e+50
1.58489e+04	9.36947e+37	1.49209e+29	4.84770e+37	1.00185e+29	1.07911e+49	1.67983e+49	5.57142e+48	3.22558e+49	1.29787e+50	6.73497e+49
2.51189e+04	5.89909e+37	3.81861e+28	3.04799e+37	2.54006e+28	6.85767e+48	1.05517e+49	3.55966e+48	2.07758e+49	8.29122e+49	4.26770e+49
3.98107e+04	3.76270e+37	9.74786e+27	1.91756e+37	6.39070e+27	4.30028e+48	6.74789e+48	2.24704e+48	1.28526e+49	5.18694e+49	2.69701e+49
6.30957e+04	2.39741e+37	2.52150e+27	1.25602e+37	1.72601e+27	2.78276e+48	4.40841e+48	1.45933e+48	8.37792e+48	3.33988e+49	1.75250e+49
9.50935e+04	1.57103e+37	7.10872e+26	8.17753e+36	4.74735e+26	1.81292e+48	2.83524e+48	9.40052e+47	5.45383e+48	2.17842e+49	1.13108e+49
1.50713e+05	9.91130e+36	1.78565e+26	5.15967e+36	1.19251e+26	1.14368e+48	1.78890e+48	5.93113e+47	3.44062e+48	1.37415e+49	7.13651e+48
2.38864e+05	6.25070e+36	4.48528e+25	3.25531e+36	2.99546e+25	7.21182e+47	1.12862e+48	3.74146e+47	2.16970e+48	8.66297e+48	4.50224e+48
3.78574e+05	3.93734e+36	1.12645e+25	2.05308e+36	7.52379e+24	4.53993e+47	7.11719e+47	2.35761e+47	1.36635e+48	5.45108e+48	2.83857e+48
5.99999e+05	2.46917e+36	2.82586e+24	1.29215e+36	1.88850e+24	2.83944e+47	4.47630e+47	1.47725e+47	8.56147e+47	3.40916e+48	1.78310e+48
9.50935e+05	1.52650e+36	7.04495e+23	8.05553e+35	4.71761e+23	1.73983e+47	2.78327e+47	9.07399e+46	5.28073e+47	2.09465e+48	1.10407e+48
1.50713e+06	9.11486e+35	1.71659e+23	4.87850e+35	1.15487e+23	1.01922e+47	1.67506e+47	5.32402e+46	3.13816e+47	1.23661e+48	6.58350e+47
2.38864e+06	5.12479e+35	3.97236e+22	2.79049e+35	2.69098e+22	5.56682e+46	9.48899e+46	2.91142e+46	1.75173e+47	6.83853e+47	3.67746e+47
3.78574e+06	2.67208e+35	8.52708e+21	1.47871e+35	5.81850e+21	2.81724e+46	4.97007e+46	1.46801e+46	9.05889e+46	3.50081e+47	1.89636e+47
5.99999e+06	1.29442e+35	1.69102e+21	7.25616e+34	1.16096e+21	1.32977e+46	2.42574e+46	6.98719e+45	4.36138e+46	1.67439e+47	9.17730e+46
9.50935e+06	5.90171e+34	3.13351e+20	3.33923e+34	2.16109e+20	5.96755e+45	1.10187e+46	3.07553e+45	1.98164e+46	7.50624e+46	4.13209e+46
1.50713e+07	2.57241e+34	5.51597e+19	1.46475e+34	3.81620e+19	2.58782e+45	4.91031e+45	1.38654e+45	8.64567e+45	3.30301e+46	1.82062e+46
2.38864e+07	1.08665e+34	9.36547e+18	6.21350e+33	6.49307e+18	1.06763e+45	2.05781e+45	5.61093e+44	3.55502e+45	1.34728e+46	7.69180e+45
3.78574e+07	4.49479e+33	1.55190e+18	2.57714e+33	1.07741e+18	4.25394e+44	8.36360e+44	2.35248e+44	1.47320e+45	5.57100e+45	3.35215e+45
5.99999e+07	1.83378e+33	2.53076e+17	1.05326e+33	1.75853e+17	1.91935e+44	2.79762e+44	4.48497e+43	6.23966e+44	2.12083e+45	1.15190e+45
9.50935e+07	7.41512e+32	4.08452e+16	4.26373e+32	2.83978e+16	8.60701e+43	1.99785e+44	6.67359e+43	3.04432e+44	7.33667e+44	8.61601e+44
