mDM_(MeV)	D1	D2	D3	D4	D5	D6	D7	D8	D9	D10
1.00000e-02	8.29897e+31	1.26009e+28	4.83809e+24	1.06882e+21	1.76493e+43	8.19767e+42	8.13984e+42	3.70427e+43	1.81268e+44	6.56619e+43
1.58489e-02	2.15072e+32	3.23309e+28	3.14496e+25	6.81387e+21	4.62570e+43	2.09987e+43	2.09880e+43	9.67872e+43	4.69460e+44	1.67202e+44
2.51189e-02	5.44429e+32	8.38438e+28	2.02452e+26	4.37538e+22	1.15569e+44	5.27989e+43	5.31706e+43	2.43451e+44	1.18862e+45	4.23010e+44
3.98107e-02	1.40777e+33	2.09013e+29	1.26889e+27	2.81967e+23	2.98798e+44	1.35633e+44	1.37782e+44	6.25299e+44	3.00934e+45	1.08888e+45
6.30957e-02	3.58040e+33	5.50687e+29	8.39765e+27	1.83760e+24	7.65617e+44	3.48787e+44	3.47678e+44	1.61150e+45	7.89977e+45	2.78145e+45
1.00000e-01	9.25397e+33	1.52289e+30	5.83348e+28	1.17292e+25	1.98144e+45	8.96033e+44	8.95721e+44	4.08453e+45	1.98078e+46	7.21154e+45
1.58489e-01	2.37966e+34	3.60369e+30	3.50111e+29	7.59235e+25	5.07783e+45	2.28056e+45	2.35961e+45	1.06027e+46	5.14524e+46	1.86507e+46
2.51189e-01	6.03058e+34	9.37878e+30	2.27676e+30	4.88355e+26	1.28778e+46	5.91857e+45	5.97659e+45	2.67440e+46	1.32973e+47	4.74440e+46
3.98107e-01	1.52620e+35	2.33381e+31	1.43193e+31	3.07292e+27	3.31102e+46	1.51668e+46	1.51843e+46	6.94112e+46	3.37424e+47	1.21537e+47
6.30957e-01	3.91175e+35	5.96459e+31	8.92039e+31	1.97237e+28	8.34422e+46	3.85365e+46	3.84228e+46	1.74514e+47	8.47204e+47	3.06958e+47
1.00000e+00	9.58079e+35	1.51613e+32	5.72502e+32	1.26461e+29	2.06215e+47	9.37302e+46	9.36768e+46	4.29159e+47	2.08099e+48	7.49102e+47
1.58489e+00	2.38424e+36	3.64549e+32	3.46928e+33	8.03482e+29	5.10277e+47	2.35667e+47	2.33136e+47	1.06267e+48	5.14798e+48	1.85800e+48
2.51189e+00	5.88255e+36	8.89110e+32	2.11236e+34	4.72916e+30	1.23639e+48	5.64047e+47	5.62689e+47	2.57328e+48	1.25493e+49	4.50671e+48
3.98107e+00	1.44214e+37	2.16082e+33	1.30850e+35	2.88352e+31	3.00088e+48	1.37047e+48	1.36273e+48	6.25967e+48	3.06947e+49	1.08884e+49
6.30957e+00	3.54129e+37	5.30793e+33	7.79054e+35	1.73736e+32	7.18313e+48	3.41997e+48	3.25062e+48	1.55676e+49	7.40455e+49	2.63533e+49
1.00000e+01	8.78192e+37	1.30018e+34	4.64589e+36	1.02870e+33	1.69971e+49	8.65872e+48	7.49686e+48	3.70473e+49	1.78169e+50	6.31945e+49
1.58489e+01	2.08324e+38	3.19020e+34	2.49703e+37	5.48185e+33	3.71242e+49	2.14932e+49	1.59410e+49	8.47331e+49	3.93950e+50	1.39041e+50
2.51189e+01	4.38780e+38	6.34837e+34	1.02994e+38	2.04773e+34	6.44852e+49	4.89995e+49	2.52197e+49	1.65667e+50	7.26591e+50	2.52016e+50
3.98107e+01	5.91353e+38	4.94390e+34	1.78461e+38	2.05504e+34	7.47148e+49	6.87965e+49	2.70663e+49	2.12605e+50	8.73495e+50	2.98932e+50
6.30957e+01	5.57378e+38	2.08520e+34	1.82296e+38	8.97947e+33	6.55551e+49	6.46537e+49	2.26731e+49	1.94596e+50	7.82033e+50	2.66387e+50
1.00000e+02	4.34890e+38	6.82950e+33	1.46344e+38	2.98055e+33	4.97364e+49	5.07620e+49	1.64336e+49	1.50000e+50	5.98256e+50	1.98612e+50
1.58489e+02	3.08791e+38	1.98053e+33	1.04734e+38	8.58104e+32	3.46888e+49	3.53629e+49	1.13274e+49	1.05983e+50	4.21728e+50	1.41019e+50
2.51189e+02	2.09299e+38	5.39885e+32	7.28780e+37	2.38498e+32	2.36769e+49	2.43958e+49	7.60147e+48	7.17250e+49	2.85476e+50	9.49269e+49
3.98107e+02	1.55333e+38	1.49791e+32	5.08721e+37	6.62115e+31	1.75440e+49	1.73672e+49	5.24808e+48	5.34008e+49	2.13070e+50	6.50739e+49
6.30957e+02	1.52241e+38	4.97142e+31	4.48812e+37	2.04859e+31	1.69005e+49	1.46901e+49	4.83468e+48	5.28895e+49	2.09692e+50	5.66034e+49
1.00000e+03	1.86400e+38	1.97466e+31	4.57575e+37	7.63589e+30	2.15785e+49	1.57783e+49	5.21747e+48	6.50954e+49	2.60063e+50	6.31420e+49
1.58489e+03	1.75661e+38	7.35278e+30	4.46035e+37	2.84383e+30	2.02402e+49	1.56454e+49	5.19718e+48	6.13718e+49	2.44480e+50	6.21083e+49
2.51189e+03	1.21085e+38	2.05711e+30	3.09082e+37	7.75678e+29	1.41848e+49	1.07866e+49	3.59311e+48	4.23276e+49	1.69206e+50	4.28451e+49
3.98107e+03	7.80534e+37	5.22218e+29	1.98877e+37	1.99713e+29	9.07157e+48	6.92435e+48	2.29160e+48	2.71504e+49	1.10525e+50	2.77447e+49
6.30957e+03	4.92290e+37	1.32167e+29	1.28029e+37	5.17644e+28	5.73384e+48	4.40191e+48	1.46286e+48	1.72692e+49	6.89204e+49	1.77513e+49
1.00000e+04	3.12269e+37	3.37260e+28	8.06008e+36	1.28627e+28	3.65386e+48	2.78295e+48	9.25792e+47	1.09237e+49	4.37841e+49	1.11920e+49
1.58489e+04	2.00007e+37	8.46820e+27	5.08148e+36	3.28214e+27	2.32899e+48	1.78280e+48	5.96606e+47	7.01535e+48	2.77984e+49	7.16654e+48
2.51189e+04	1.24442e+37	2.17589e+27	3.19212e+36	8.28789e+26	1.45986e+48	1.12319e+48	3.77707e+47	4.34613e+48	1.74286e+49	4.51011e+48
3.98107e+04	7.97910e+36	5.34787e+26	2.04795e+36	2.08219e+26	9.27277e+47	7.14612e+47	2.39867e+47	2.78060e+48	1.11461e+49	2.86503e+48
6.30957e+04	5.04435e+36	1.43384e+26	1.32409e+36	5.47545e+25	5.92386e+47	4.63709e+47	1.53666e+47	1.76156e+48	7.06627e+48	1.84423e+48
9.50935e+04	3.32640e+36	4.02099e+25	8.61931e+35	1.53204e+25	3.84504e+47	2.98783e+47	9.90100e+46	1.15522e+48	4.61142e+48	1.19168e+48
1.50713e+05	2.09199e+36	1.00951e+25	5.43422e+35	3.84773e+24	2.41643e+47	1.88338e+47	6.23440e+46	7.26105e+47	2.89111e+48	7.50925e+47
2.38864e+05	1.30658e+36	2.52894e+24	3.41610e+35	9.65288e+23	1.50568e+47	1.18288e+47	3.89685e+46	4.52761e+47	1.79127e+48	4.70896e+47
3.78574e+05	8.00135e+35	6.27152e+23	2.12135e+35	2.40431e+23	9.15848e+46	7.32185e+46	2.37572e+46	2.76186e+47	1.07875e+48	2.89958e+47
5.99999e+05	4.68897e+35	1.50542e+23	1.27090e+35	5.82256e+22	5.29632e+46	4.35409e+46	1.37120e+46	1.60752e+47	6.16022e+47	1.70498e+47
9.50935e+05	2.56479e+35	3.39154e+22	7.12988e+34	1.32716e+22	2.84614e+46	2.41646e+46	7.32409e+45	8.71902e+46	3.27167e+47	9.32120e+46
1.50713e+06	1.29766e+35	7.04915e+21	3.69059e+34	2.78979e+21	1.41553e+46	1.23705e+46	3.61443e+45	4.37623e+46	1.61232e+47	4.70314e+46
2.38864e+06	6.12114e+34	1.35682e+21	1.77189e+34	5.41871e+20	6.57407e+45	5.88594e+45	1.67077e+45	2.05062e+46	7.44629e+46	2.20901e+46
3.78574e+06	2.73391e+34	2.45556e+20	8.01375e+33	9.87125e+19	2.90699e+45	2.63742e+45	7.29528e+44	9.10964e+45	3.27239e+46	9.78560e+45
5.99999e+06	1.17422e+34	4.24949e+19	3.47125e+33	1.71594e+19	1.24010e+45	1.15258e+45	3.19845e+44	3.90448e+45	1.39707e+46	4.30643e+45
9.50935e+06	4.91068e+33	7.13141e+18	1.45983e+33	2.88819e+18	5.19494e+44	4.74555e+44	1.27062e+44	1.63428e+45	5.75566e+45	1.77030e+45
1.50713e+07	2.01780e+33	1.17259e+18	6.02016e+32	4.75809e+17	2.15895e+44	2.09123e+44	6.03122e+43	6.75646e+44	2.42491e+45	7.65896e+44
2.38864e+07	8.19674e+32	1.90259e+17	2.45119e+32	7.72975e+16	8.56056e+43	8.28539e+43	2.22522e+43	2.63667e+44	9.33287e+44	3.09341e+44
3.78574e+07	3.30528e+32	3.06074e+16	9.89887e+31	1.24448e+16	3.28141e+43	3.16796e+43	9.47383e+42	1.06817e+44	3.78345e+44	1.47107e+44
5.99999e+07	1.32659e+32	4.89707e+15	3.97668e+31	1.99212e+15	1.53644e+43	5.44573e+42	-2.37463e+42	4.52804e+43	1.32842e+44	3.17236e+43
9.50935e+07	5.30847e+31	7.80795e+14	1.59225e+31	3.17727e+14	7.37891e+42	1.11597e+43	4.83725e+42	2.29727e+43	5.19656e+43	7.28780e+43
