mDM_(MeV)	D1	D2	D3	D4	D5	D6	D7	D8	D9	D10
1.00000e-02	3.12662e+32	2.32853e+29	9.42493e+25	9.76629e+22	3.51045e+44	3.12974e+44	3.17829e+44	4.22130e+44	2.93957e+45	2.50425e+45
1.58489e-02	8.17346e+32	6.03185e+29	5.77268e+26	6.41288e+23	9.09072e+44	8.18623e+44	8.08978e+44	1.10681e+45	7.66287e+45	6.47705e+45
2.51189e-02	2.13608e+33	1.58282e+30	3.80398e+27	4.24040e+24	2.35520e+45	2.14671e+45	2.12598e+45	2.87832e+45	1.97955e+46	1.69935e+46
3.98107e-02	5.72502e+33	4.17713e+30	2.55106e+28	2.77400e+25	6.25347e+45	5.58958e+45	5.64761e+45	7.60029e+45	5.17232e+46	4.47186e+46
6.30957e-02	1.48354e+34	1.12561e+31	1.70172e+29	2.04656e+26	1.66599e+46	1.50302e+46	1.50023e+46	2.05230e+46	1.40916e+47	1.18714e+47
1.00000e-01	3.96051e+34	2.98941e+31	1.15189e+30	1.25030e+27	4.45697e+46	4.00927e+46	4.02394e+46	5.38934e+46	3.74798e+47	3.20754e+47
1.58489e-01	1.04184e+35	7.91648e+31	7.52553e+30	8.59102e+27	1.20117e+47	1.08701e+47	1.07913e+47	1.44989e+47	1.01077e+48	8.69638e+47
2.51189e-01	2.71978e+35	2.03757e+32	5.01242e+31	5.59501e+28	3.10503e+47	2.77182e+47	2.82049e+47	3.78929e+47	2.61293e+48	2.21748e+48
3.98107e-01	6.98967e+35	5.40880e+32	3.21699e+32	3.52624e+29	7.94020e+47	7.11428e+47	7.17364e+47	9.59721e+47	6.99640e+48	5.71660e+48
6.30957e-01	1.75476e+36	1.31160e+33	2.09120e+33	2.26546e+30	2.00108e+48	1.80807e+48	1.79989e+48	2.42920e+48	1.69032e+49	1.44121e+49
1.00000e+00	4.32974e+36	3.31568e+33	1.23983e+34	1.44827e+31	4.95051e+48	4.47750e+48	4.46397e+48	5.86703e+48	4.10332e+49	3.58054e+49
1.58489e+00	1.05427e+37	7.85812e+33	7.61707e+34	8.51241e+31	1.20156e+49	1.07251e+49	1.07970e+49	1.43293e+49	9.99245e+49	8.58969e+49
2.51189e+00	2.52756e+37	1.91905e+34	4.59629e+35	4.93103e+32	2.81171e+49	2.56298e+49	2.56248e+49	3.43411e+49	2.34245e+50	2.01717e+50
3.98107e+00	6.09536e+37	4.64498e+34	2.66553e+36	2.94132e+33	6.55615e+49	5.92230e+49	5.87630e+49	8.05092e+49	5.56520e+50	4.68064e+50
6.30957e+00	1.53835e+38	1.21463e+35	1.56072e+37	1.74421e+34	1.53701e+50	1.42532e+50	1.38408e+50	1.89216e+50	1.30965e+51	1.10150e+51
1.00000e+01	4.16649e+38	3.40609e+35	9.22090e+37	9.90296e+34	3.52905e+50	3.40724e+50	3.21849e+50	4.52595e+50	3.04627e+51	2.58016e+51
1.58489e+01	1.29753e+39	1.08677e+36	5.19486e+38	5.59449e+35	7.92340e+50	8.27046e+50	7.08174e+50	1.12998e+51	6.88533e+51	5.91008e+51
2.51189e+01	4.03279e+39	3.82726e+36	2.58097e+39	2.76787e+36	1.57675e+51	1.94520e+51	1.37899e+51	2.47579e+51	1.44943e+52	1.23460e+52
3.98107e+01	1.15312e+40	1.07598e+37	9.08436e+39	9.20463e+36	2.42600e+51	4.24397e+51	2.15377e+51	5.14507e+51	2.48944e+52	2.12198e+52
6.30957e+01	1.77093e+40	9.64349e+36	1.48390e+40	8.71466e+36	2.55468e+51	5.67204e+51	2.21029e+51	6.66615e+51	2.85061e+52	2.45784e+52
1.00000e+02	1.68877e+40	4.10970e+36	1.43793e+40	3.72770e+36	2.05920e+51	5.08379e+51	1.75114e+51	5.89754e+51	2.43390e+52	2.07588e+52
1.58489e+02	1.30993e+40	1.34061e+36	1.12570e+40	1.22307e+36	1.47965e+51	3.89435e+51	1.26515e+51	4.54908e+51	1.81483e+52	1.54425e+52
2.51189e+02	9.34054e+39	3.84846e+35	8.15366e+39	3.56444e+35	1.02009e+51	2.75540e+51	8.60978e+50	3.17631e+51	1.25172e+52	1.07503e+52
3.98107e+02	6.34215e+39	1.06096e+35	5.50868e+39	9.74056e+34	6.72903e+50	1.84758e+51	5.71076e+50	2.13567e+51	8.37281e+51	7.04637e+51
6.30957e+02	4.20454e+39	2.81696e+34	3.62345e+39	2.54732e+34	4.33717e+50	1.23439e+51	3.67408e+50	1.39767e+51	5.37803e+51	4.67617e+51
1.00000e+03	2.74131e+39	7.34863e+33	2.39160e+39	6.68850e+33	2.85752e+50	7.87833e+50	2.42852e+50	9.03911e+50	3.53665e+51	3.01658e+51
1.58489e+03	1.80093e+39	1.87934e+33	1.56615e+39	1.72967e+33	1.89316e+50	5.15173e+50	1.58158e+50	6.01765e+50	2.37766e+51	1.98974e+51
2.51189e+03	1.27527e+39	4.92619e+32	1.05822e+39	4.49341e+32	1.34949e+50	3.59006e+50	1.08492e+50	4.34269e+50	1.67666e+51	1.37361e+51
3.98107e+03	1.10090e+39	1.41136e+32	8.59128e+38	1.27350e+32	1.18436e+50	2.94087e+50	9.40400e+49	3.75234e+50	1.47442e+51	1.15194e+51
6.30957e+03	1.01497e+39	4.82472e+31	8.25686e+38	4.29428e+31	1.14901e+50	2.81610e+50	9.13053e+49	3.50900e+50	1.40448e+51	1.10657e+51
1.00000e+04	7.59325e+38	1.42192e+31	6.17830e+38	1.29874e+31	8.81642e+49	2.10072e+50	6.93758e+49	2.64735e+50	1.03560e+51	8.42364e+50
1.58489e+04	4.94595e+38	3.76224e+30	3.98261e+38	3.32763e+30	5.80789e+49	1.35422e+50	4.66499e+49	1.71250e+50	6.97025e+50	5.55824e+50
2.51189e+04	3.15839e+38	9.44067e+29	2.50033e+38	8.46580e+29	3.65028e+49	8.86755e+49	2.90286e+49	1.11037e+50	4.42781e+50	3.52178e+50
3.98107e+04	1.99364e+38	2.31778e+29	1.60023e+38	2.07657e+29	2.29598e+49	5.52472e+49	1.85310e+49	6.90924e+49	2.77824e+50	2.19605e+50
6.30957e+04	1.29980e+38	6.39713e+28	1.03761e+38	5.67939e+28	1.49468e+49	3.63329e+49	1.21670e+49	4.50898e+49	1.80554e+50	1.45198e+50
9.50935e+04	8.45325e+37	1.73861e+28	6.76020e+37	1.54340e+28	9.75584e+48	2.34610e+49	7.79397e+48	2.93466e+49	1.17228e+50	9.36859e+49
1.50713e+05	5.33373e+37	4.36736e+27	4.26549e+37	3.87701e+27	6.15554e+48	1.48032e+49	4.91770e+48	1.85167e+49	7.39666e+49	5.91125e+49
2.38864e+05	3.36537e+37	1.09706e+27	2.69137e+37	9.73884e+26	3.88388e+48	9.34026e+48	3.10287e+48	1.16833e+49	4.66696e+49	3.72977e+49
3.78574e+05	2.12337e+37	2.75572e+26	1.69815e+37	2.44633e+26	2.45047e+48	5.89333e+48	1.95778e+48	7.37147e+48	2.94455e+49	2.35333e+49
5.99999e+05	1.33962e+37	6.92211e+25	1.07145e+37	6.14495e+25	1.54591e+48	3.71836e+48	1.23519e+48	4.65055e+48	1.85759e+49	1.48480e+49
9.50935e+05	8.44900e+36	1.73872e+25	6.75954e+36	1.54353e+25	9.74743e+47	2.34572e+48	7.79034e+47	2.93294e+48	1.17138e+49	9.36625e+48
1.50713e+06	5.32298e+36	4.36683e+24	4.26219e+36	3.87684e+24	6.13553e+47	1.47880e+48	4.90660e+47	1.84742e+48	7.37660e+48	5.90319e+48
2.38864e+06	3.34172e+36	1.09586e+24	2.68133e+36	9.73123e+23	3.83676e+47	9.29677e+47	3.07397e+47	1.15892e+48	4.62228e+48	3.70661e+48
3.78574e+06	2.07442e+36	2.73681e+23	1.67137e+36	2.43208e+23	2.35475e+47	5.77985e+47	1.88901e+47	7.17647e+47	2.85197e+48	2.29493e+48
5.99999e+06	1.24885e+36	6.69627e+22	1.01260e+36	5.96020e+22	1.38162e+47	3.48533e+47	1.11354e+47	4.29825e+47	1.69606e+48	1.37311e+48
9.50935e+06	7.09136e+35	1.55771e+22	5.79184e+35	1.38971e+22	7.56581e+46	1.97166e+47	6.06979e+46	2.42161e+47	9.41638e+47	7.66450e+47
1.50713e+07	3.72928e+35	3.35817e+21	3.06599e+35	3.00317e+21	3.83620e+46	1.03897e+47	3.10964e+46	1.26367e+47	4.87884e+47	3.97487e+47
2.38864e+07	1.81776e+35	6.67787e+20	1.50209e+35	5.98390e+20	1.79581e+46	5.03027e+46	1.45069e+46	6.04854e+46	2.30399e+47	1.90687e+47
3.78574e+07	8.32160e+34	1.23933e+20	6.90141e+34	1.11218e+20	7.91074e+45	2.28314e+46	6.51634e+45	2.75585e+46	1.04206e+47	8.75908e+46
5.99999e+07	3.63660e+34	2.18341e+19	3.02332e+34	1.96139e+19	3.53425e+45	9.43778e+45	2.38751e+45	1.21700e+46	4.40315e+46	3.62433e+46
9.50935e+07	1.53869e+34	3.70883e+18	1.28125e+34	3.33395e+18	1.55146e+45	4.65862e+45	1.38910e+45	5.59477e+45	1.74610e+46	1.84690e+46
