mDM_(MeV)	D1	D2	D3	D4	D5	D6	D7	D8	D9	D10
1.00000e-02	3.01663e+32	2.00951e+29	7.66391e+25	7.52423e+22	2.80776e+44	2.47305e+44	2.47324e+44	3.52380e+44	2.41816e+45	1.97853e+45
1.58489e-02	7.86896e+32	5.14313e+29	4.86724e+26	4.92636e+23	7.39200e+44	6.45937e+44	6.35804e+44	9.17278e+44	6.24121e+45	5.19899e+45
2.51189e-02	2.03866e+33	1.34153e+30	3.20486e+27	3.18650e+24	1.88561e+45	1.67136e+45	1.68060e+45	2.36531e+45	1.60488e+46	1.33715e+46
3.98107e-02	5.39736e+33	3.47108e+30	2.11746e+28	2.11754e+25	4.98456e+45	4.42631e+45	4.38186e+45	6.34319e+45	4.21842e+46	3.53919e+46
6.30957e-02	1.39567e+34	9.59708e+30	1.43422e+29	1.39692e+26	1.32250e+46	1.20025e+46	1.16384e+46	1.72746e+46	1.12090e+47	9.60243e+46
1.00000e-01	3.74802e+34	2.54528e+31	9.68420e+29	9.61089e+26	3.56232e+46	3.12474e+46	3.17711e+46	4.41890e+46	3.03391e+47	2.50417e+47
1.58489e-01	9.90002e+34	6.62689e+31	6.39087e+30	6.27631e+27	9.48208e+46	8.38216e+46	8.38970e+46	1.18317e+47	8.02902e+47	6.70595e+47
2.51189e-01	2.59800e+35	1.74741e+32	4.15525e+31	4.14159e+28	2.43614e+47	2.19451e+47	2.18986e+47	3.09193e+47	2.10689e+48	1.75563e+48
3.98107e-01	6.62497e+35	4.52246e+32	2.69481e+32	2.71448e+29	6.40380e+47	5.66612e+47	5.66393e+47	7.99298e+47	5.37279e+48	4.53382e+48
6.30957e-01	1.66622e+36	1.10710e+33	1.71544e+33	1.72201e+30	1.60242e+48	1.41420e+48	1.40985e+48	1.99712e+48	1.35188e+49	1.12795e+49
1.00000e+00	4.03150e+36	2.74582e+33	1.05118e+34	1.03643e+31	3.94186e+48	3.48311e+48	3.47220e+48	4.93412e+48	3.36550e+49	2.75336e+49
1.58489e+00	9.95181e+36	6.79474e+33	6.36292e+34	6.27341e+31	9.59464e+48	8.44128e+48	8.25619e+48	1.18959e+49	8.07580e+49	6.74318e+49
2.51189e+00	2.40502e+37	1.60002e+34	3.81410e+35	3.72824e+32	2.25694e+49	1.97520e+49	1.96665e+49	2.80869e+49	1.91057e+50	1.58623e+50
3.98107e+00	5.78029e+37	3.93247e+34	2.24441e+36	2.19073e+33	5.21867e+49	4.72342e+49	4.57130e+49	6.58697e+49	4.49309e+50	3.75905e+50
6.30957e+00	1.46506e+38	9.96580e+34	1.32269e+37	1.42018e+34	1.21407e+50	1.11040e+50	1.08735e+50	1.55969e+50	1.03605e+51	8.58235e+50
1.00000e+01	3.89126e+38	2.80659e+35	7.76989e+37	7.45650e+34	2.78488e+50	2.65864e+50	2.48896e+50	3.75050e+50	2.47118e+51	2.02160e+51
1.58489e+01	1.13877e+39	8.75832e+35	4.32717e+38	4.58448e+35	6.28031e+50	6.44518e+50	5.43446e+50	9.04099e+50	5.51404e+51	4.58919e+51
2.51189e+01	3.59616e+39	2.98522e+36	2.16350e+39	2.10096e+36	1.24368e+51	1.57030e+51	1.06100e+51	2.19988e+51	1.16460e+52	9.48720e+51
3.98107e+01	9.53783e+39	7.53184e+36	7.22446e+39	6.34170e+36	1.86276e+51	3.28168e+51	1.59558e+51	4.05065e+51	1.93419e+52	1.59283e+52
6.30957e+01	1.35935e+40	5.95990e+36	1.09712e+40	5.24415e+36	1.87359e+51	4.11463e+51	1.58610e+51	5.02842e+51	2.13403e+52	1.77367e+52
1.00000e+02	1.24887e+40	2.41753e+36	1.03383e+40	2.16505e+36	1.48372e+51	3.64674e+51	1.25788e+51	4.37483e+51	1.76420e+52	1.46963e+52
1.58489e+02	9.54255e+39	7.81031e+35	7.99163e+39	6.84763e+35	1.07542e+51	2.93467e+51	9.02149e+50	3.48782e+51	1.29012e+52	1.09335e+52
2.51189e+02	6.82356e+39	2.24343e+35	5.71239e+39	2.00102e+35	7.34162e+50	1.93375e+51	6.09543e+50	2.30853e+51	9.04269e+51	7.47662e+51
3.98107e+02	4.59964e+39	6.11621e+34	3.86230e+39	5.53372e+34	4.80965e+50	1.28315e+51	4.00954e+50	1.53747e+51	5.98849e+51	4.96852e+51
6.30957e+02	3.01640e+39	1.61653e+34	2.54613e+39	1.43974e+34	3.15263e+50	8.52260e+50	2.58456e+50	1.01959e+51	3.88922e+51	3.28446e+51
1.00000e+03	1.96500e+39	4.23176e+33	1.64454e+39	3.70571e+33	2.14530e+50	5.47390e+50	1.70167e+50	6.61008e+50	2.57207e+51	2.11754e+51
1.58489e+03	1.34363e+39	1.08513e+33	1.14300e+39	9.64037e+32	1.38679e+50	3.71206e+50	1.14962e+50	4.53477e+50	1.76337e+51	1.42673e+51
2.51189e+03	9.99691e+38	2.85205e+32	7.75683e+38	2.56027e+32	1.07070e+50	2.52851e+50	8.21029e+49	3.37949e+50	1.32883e+51	1.03500e+51
3.98107e+03	9.22786e+38	8.79309e+31	6.88371e+38	7.67873e+31	1.03654e+50	2.31672e+50	7.53397e+49	3.12133e+50	1.24245e+51	9.18767e+50
6.30957e+03	8.35450e+38	3.05753e+31	6.21473e+38	2.64869e+31	9.63078e+49	2.19716e+50	7.19683e+49	2.87869e+50	1.14890e+51	8.64703e+50
1.00000e+04	5.85888e+38	8.64455e+30	4.48925e+38	7.52899e+30	6.78303e+49	1.57181e+50	5.16519e+49	2.06943e+50	8.37697e+50	6.24408e+50
1.58489e+04	3.75499e+38	2.21957e+30	2.87540e+38	1.93588e+30	4.34710e+49	1.01138e+50	3.38955e+49	1.32330e+50	5.37083e+50	4.06826e+50
2.51189e+04	2.39931e+38	5.66119e+29	1.86407e+38	4.94026e+29	2.77223e+49	6.32250e+49	2.10036e+49	8.33263e+49	3.32834e+50	2.50868e+50
3.98107e+04	1.52198e+38	1.40401e+29	1.13716e+38	1.20104e+29	1.78090e+49	4.06011e+49	1.36874e+49	5.26203e+49	2.11186e+50	1.62051e+50
6.30957e+04	9.85777e+37	3.78796e+28	7.59236e+37	3.30089e+28	1.14855e+49	2.63025e+49	8.78673e+48	3.45190e+49	1.36374e+50	1.03824e+50
9.50935e+04	6.44656e+37	1.04272e+28	4.92341e+37	9.00546e+27	7.43785e+48	1.70831e+49	5.67286e+48	2.23780e+49	8.93831e+49	6.82033e+49
1.50713e+05	4.06755e+37	2.61927e+27	3.10652e+37	2.26215e+27	4.69297e+48	1.07789e+49	3.57936e+48	1.41197e+49	5.63971e+49	4.30339e+49
2.38864e+05	2.56644e+37	6.57944e+26	1.96010e+37	5.68239e+26	2.96103e+48	6.80106e+48	2.25842e+48	8.90886e+48	3.55835e+49	2.71527e+49
3.78574e+05	1.61924e+37	1.65270e+26	1.23674e+37	1.42737e+26	1.86813e+48	4.29117e+48	1.42495e+48	5.62079e+48	2.24499e+49	1.71321e+49
5.99999e+05	1.02145e+37	4.15140e+25	7.80298e+36	3.58542e+25	1.17834e+48	2.70739e+48	8.98944e+47	3.54562e+48	1.41603e+49	1.08087e+49
9.50935e+05	6.43953e+36	1.04272e+25	4.92194e+36	9.00590e+24	7.42475e+47	1.70758e+48	5.66698e+47	2.23500e+48	8.92404e+48	6.81622e+48
1.50713e+06	4.05102e+36	2.61813e+24	3.10115e+36	2.26160e+24	4.66295e+47	1.07550e+48	3.56291e+47	1.40548e+48	5.60909e+48	4.29082e+48
2.38864e+06	2.53255e+36	6.56175e+23	1.94551e+36	5.67110e+23	2.89722e+47	6.73919e+47	2.21977e+47	8.77568e+47	3.49598e+48	2.68317e+48
3.78574e+06	1.55587e+36	1.62984e+23	1.20262e+36	1.41049e+23	1.75244e+47	4.15005e+47	1.34508e+47	5.37280e+47	2.12981e+48	1.64270e+48
5.99999e+06	9.17882e+35	3.92677e+22	7.15395e+35	3.40635e+22	1.00369e+47	2.45447e+47	7.74645e+46	3.15022e+47	1.23855e+48	9.62510e+47
9.50935e+06	5.06630e+35	8.89562e+21	3.98252e+35	7.73921e+21	5.34235e+46	1.35009e+47	4.09946e+46	1.72496e+47	6.67785e+47	5.22123e+47
1.50713e+07	2.58663e+35	1.85983e+21	2.04795e+35	1.62244e+21	2.63925e+46	6.92304e+46	2.05088e+46	8.74714e+46	3.36825e+47	2.63621e+47
2.38864e+07	1.22931e+35	3.59789e+20	9.78509e+34	3.14533e+20	1.20911e+46	3.26981e+46	9.34751e+45	4.07892e+46	1.55114e+47	1.23516e+47
3.78574e+07	5.52117e+34	6.53629e+19	4.41098e+34	5.72275e+19	5.23552e+45	1.45561e+46	4.12830e+45	1.82507e+46	6.89870e+46	5.60169e+46
5.99999e+07	2.38055e+34	1.13417e+19	1.90654e+34	9.94023e+18	2.33182e+45	5.87146e+45	1.44048e+45	7.99030e+45	2.86110e+46	2.26502e+46
9.50935e+07	9.98143e+33	1.90678e+18	8.00675e+33	1.67228e+18	1.02548e+45	2.97801e+45	9.05459e+44	3.69082e+45	1.12082e+46	1.20457e+46
